0 0.157031 0.282031 0.101562 0.179688
0 0.385937 0.351562 0.115625 0.165625
0 0.463281 0.256250 0.101562 0.181250
0 0.734375 0.240625 0.146875 0.253125
0 0.860156 0.300781 0.132812 0.279687
0 0.069531 0.924219 0.045312 0.076563
0 0.140625 0.921094 0.046875 0.082812
0 0.177344 0.742188 0.126562 0.218750
0 0.324219 0.709375 0.114062 0.193750
0 0.211719 0.925000 0.048438 0.078125
0 0.282031 0.928906 0.045312 0.079687
0 0.353906 0.927344 0.045312 0.070312
0 0.424219 0.928125 0.045312 0.075000
0 0.652344 0.600781 0.089063 0.160938
0 0.590625 0.710938 0.100000 0.143750
0 0.818750 0.587500 0.090625 0.137500
0 0.905469 0.751563 0.107813 0.156250
0 0.756250 0.810937 0.131250 0.225000
