0 0.082812 0.153125 0.140625 0.206250
0 0.247656 0.125781 0.076563 0.164062
0 0.421094 0.115625 0.073438 0.228125
0 0.582812 0.132812 0.056250 0.175000
0 0.749219 0.125000 0.060937 0.181250
0 0.917188 0.157031 0.071875 0.204687
0 0.082031 0.365625 0.054688 0.225000
0 0.260937 0.375781 0.100000 0.242188
0 0.418750 0.368750 0.056250 0.218750
0 0.582031 0.378906 0.057813 0.176563
0 0.752344 0.385156 0.054688 0.185938
0 0.912500 0.382031 0.087500 0.173437
0 0.080469 0.630469 0.064062 0.135937
0 0.248438 0.628906 0.050000 0.167187
0 0.415625 0.624219 0.056250 0.164062
0 0.583594 0.632031 0.067187 0.145313
0 0.751563 0.628125 0.084375 0.159375
0 0.914844 0.638281 0.110937 0.160938
0 0.082031 0.885156 0.057813 0.185938
0 0.252344 0.883594 0.089063 0.176563
0 0.424219 0.868750 0.060937 0.221875
0 0.582031 0.879687 0.073438 0.181250
0 0.728125 0.860156 0.068750 0.210938
0 0.790625 0.885156 0.046875 0.104688
0 0.917969 0.890625 0.051562 0.175000
